# 0
1 0 0 burst0
task 1.0 0.188 0.014 1101
0
# 1
1 1 0 burst0
task 1.0 0.131 0.023 8832
0
# 2
1 2 0 burst0
task 1.0 0.750 0.023 2085
0
# 3
1 3 0 burst0
task 1.0 0.750 0.023 2615
0
# 4
1 4 0 burst0
task 1.0 0.038 0.024 60877
0
# 5
1 5 0 burst0
task 1.0 0.028 0.014 1635
0
# 6
1 6 0 burst0
task 1.0 0.188 0.095 15935
0
# 7
1 7 0 burst0
task 1.0 0.139 0.014 4044
0
# 8
1 8 0 burst0
task 1.0 0.188 0.095 8278
0
# 9
1 9 0 burst0
task 1.0 0.375 0.023 9375
0
# 10
1 10 0 burst0
task 1.0 0.188 0.186 13424
0
# 11
1 11 0 burst0
task 1.0 0.188 0.143 2090
0
# 12
1 12 0 burst0
task 1.0 0.188 0.143 795
0
# 13
1 13 0 burst0
task 1.0 0.188 0.143 1354
0
# 14
1 14 0 burst0
task 1.0 0.188 0.143 2012
0
# 15
1 15 0 burst0
task 1.0 0.188 0.143 638
0
# 16
1 16 0 burst0
task 1.0 0.038 0.047 981
0
# 17
1 17 0 burst0
task 1.0 0.188 0.143 1477
0
# 18
1 18 0 burst0
task 1.0 0.188 0.143 669
0
# 19
1 19 745 burst0
task 1.0 0.188 0.143 576
0
# 20
1 20 758 burst0
task 1.0 0.188 0.143 554
0
# 21
1 21 858 burst0
task 1.0 0.188 0.143 1226
0
# 22
1 22 870 burst0
task 1.0 0.028 0.037 238
0
# 23
1 23 920 burst0
task 1.0 0.094 0.014 405
0
# 24
1 24 933 burst0
task 1.0 0.188 0.014 554
0
# 25
1 25 991 burst0
task 1.0 0.038 0.047 102
0
# 26
1 26 1029 burst0
task 1.0 0.028 0.014 230
0
# 27
1 27 1106 burst0
task 1.0 0.028 0.023 22923
0
# 28
1 28 1107 burst0
task 1.0 0.188 0.047 310
0
# 29
1 29 1133 burst0
task 1.0 0.056 0.023 252
0
# 30
1 30 1133 burst0
task 1.0 0.028 0.037 2065
0
# 31
1 31 1146 burst0
task 1.0 0.094 0.014 2464
0
# 32
1 32 1170 burst0
task 1.0 0.028 0.037 155
0
# 33
1 33 1220 burst0
task 1.0 11.625 7.402 583
0
# 34
1 34 1370 burst0
task 1.0 0.188 0.143 422
0
# 35
1 35 1397 burst0
task 1.0 0.188 0.143 662
0
# 36
1 36 1421 burst0
task 1.0 0.188 0.143 639
0
# 37
1 37 1421 burst0
task 1.0 0.188 0.143 2697
0
# 38
1 38 1434 burst0
task 1.0 0.188 0.143 1713
0
# 39
1 39 1434 burst0
task 1.0 0.188 0.143 601
0
# 40
1 40 1448 burst0
task 1.0 0.028 0.037 82
0
# 41
1 41 1448 burst0
task 1.0 0.028 0.037 213
0
# 42
1 42 1559 burst0
task 1.0 0.038 0.014 197
0
# 43
1 43 1572 burst0
task 1.0 0.038 0.014 231
0
# 44
1 44 1598 burst0
task 1.0 0.188 0.143 1159
0
# 45
1 45 1671 burst0
task 1.0 0.023 0.014 279
0
# 46
1 46 1696 burst0
task 1.0 0.023 0.014 289
0
# 47
1 47 1698 burst0
task 1.0 0.023 0.014 360
0
# 48
1 48 1713 burst0
task 1.0 0.094 0.014 490
0
# 49
1 49 1746 burst0
task 1.0 0.028 0.037 124
0
# 50
1 50 1746 burst0
task 1.0 0.028 0.037 298
0
# 51
1 51 2006 burst0
task 1.0 0.038 0.014 233
0
# 52
1 52 2072 burst0
task 1.0 0.038 0.014 204
0
# 53
1 53 2072 burst0
task 1.0 0.097 0.143 630
0
# 54
1 54 2085 burst0
task 1.0 0.038 0.014 196
0
# 55
1 55 2098 burst0
task 1.0 0.188 0.143 641
0
# 56
1 56 2111 burst0
task 1.0 0.028 0.037 100
0
# 57
1 57 2111 burst0
task 1.0 0.028 0.037 291
0
# 58
1 58 2123 burst0
task 1.0 0.188 0.143 437
0
# 59
1 59 2136 burst0
task 1.0 0.188 0.143 546
0
# 60
1 60 2148 burst0
task 1.0 0.188 0.143 1187
0
# 61
1 61 2173 burst0
task 1.0 0.188 0.143 1301
0
# 62
1 62 2186 burst0
task 1.0 0.188 0.143 4491
0
# 63
1 63 2199 burst0
task 1.0 0.038 0.014 221
0
# 64
1 64 2216 burst0
task 1.0 0.094 0.014 384
0
# 65
1 65 2325 burst0
task 1.0 0.028 0.037 296
0
# 66
1 66 2461 burst0
task 1.0 0.028 0.037 92
0
# 67
1 67 2637 burst0
task 1.0 0.188 0.143 815
0
# 68
1 68 2686 burst0
task 1.0 0.028 0.037 78
0
# 69
1 69 2712 burst0
task 1.0 0.038 0.095 189
0
# 70
1 70 2725 burst0
task 1.0 0.047 0.023 8855
0
# 71
1 71 2738 burst0
task 1.0 0.562 0.070 44052
0
# 72
1 72 2786 burst0
task 1.0 0.188 0.143 209
0
# 73
1 73 2849 burst0
task 1.0 0.188 0.143 1016
0
# 74
1 74 3066 burst0
task 1.0 0.112 0.014 173
0
# 75
1 75 3237 burst0
task 1.0 0.188 0.143 531
0
# 76
1 76 3261 burst0
task 1.0 0.056 0.095 173
0
# 77
1 77 3274 burst0
task 1.0 0.038 0.095 108
0
# 78
1 78 3399 burst0
task 1.0 0.188 0.143 1399
0
# 79
1 79 3523 burst0
task 1.0 0.188 0.143 620
0
# 80
1 80 3548 burst0
task 1.0 0.188 0.143 4570
0
# 81
1 81 3850 burst0
task 1.0 0.188 0.143 438
0
# 82
1 82 3936 burst0
task 1.0 0.188 0.143 682
0
# 83
1 83 3962 burst0
task 1.0 0.038 0.014 180
0
# 84
1 84 4047 burst0
task 1.0 0.112 0.014 175
0
# 85
1 85 4147 burst0
task 1.0 0.131 0.023 233
0
# 86
1 86 4185 burst0
task 1.0 0.188 0.143 5515
0
# 87
1 87 4202 burst0
task 1.0 0.094 0.023 160
0
# 88
1 88 4211 burst0
task 1.0 0.188 0.143 554
0
# 89
1 89 4277 burst0
task 1.0 0.038 0.014 109
0
# 90
1 90 4364 burst0
task 1.0 0.188 0.143 520
0
# 91
1 91 4522 burst0
task 1.0 0.094 0.014 378
0
# 92
1 92 4522 burst0
task 1.0 0.188 0.014 658
0
# 93
1 93 4595 burst0
task 1.0 0.038 0.014 209
0
# 94
1 94 4727 burst0
task 1.0 0.038 0.014 177
0
# 95
1 95 4825 burst0
task 1.0 11.625 7.402 2503
0
# 96
1 96 4837 burst0
task 1.0 0.188 0.143 548
0
# 97
1 97 4837 burst0
task 1.0 0.038 0.014 193
0
# 98
1 98 4849 burst0
task 1.0 0.188 0.143 865
0
# 99
1 99 4891 burst0
task 1.0 0.131 0.023 166
0
# 10000
1 10000 0 batch0
task 1.0 21.000 21.615 729715
0
# 10001
1 10001 0 batch0
task 1.0 7.934 31.499 729735
0
# 10002
1 10002 0 batch0
task 1.0 25.828 29.527 729786
0
# 10003
1 10003 0 batch0
task 1.0 97.425 41.345 456486
0
# 10004
1 10004 0 batch0
task 1.0 0.019 0.048 3453
0
# 10005
1 10005 0 batch0
task 1.0 0.038 0.095 4193
0
# 10006
1 10006 0 batch0
task 1.0 0.094 0.012 7004
0
# 10007
1 10007 0 batch0
task 1.0 0.094 0.012 41214
0
# 10008
1 10008 0 batch0
task 1.0 0.188 0.095 41125
0
# 10009
1 10009 0 batch0
task 1.0 0.188 0.095 10135
0
# 10010
1 10010 0 batch0
task 1.0 0.188 0.095 18520
0
# 10011
1 10011 0 batch0
task 1.0 0.188 0.095 6987
0
# 10012
1 10012 0 batch0
task 1.0 0.188 0.191 5049
0
# 10013
1 10013 0 batch0
task 1.0 0.469 0.121 2635
0
# 10014
1 10014 0 batch0
task 1.0 0.019 0.035 2100
0
# 10015
1 10015 0 batch0
task 1.0 0.019 0.009 8850
0
# 10016
1 10016 0 batch0
task 1.0 0.019 0.009 60888
0
# 10017
1 10017 0 batch0
task 1.0 0.019 0.035 1650
0
# 10018
1 10018 0 batch0
task 1.0 0.019 0.014 9394
0
# 10019
1 10019 0 batch0
task 1.0 0.000 0.006 3020
0
# 10020
1 10020 0 batch0
task 1.0 0.094 0.024 1813
0
# 10021
1 10021 0 batch0
task 1.0 0.094 0.012 1424
0
# 10022
1 10022 0 batch0
task 1.0 0.019 0.023 8549
0
# 10023
1 10023 0 batch0
task 1.0 0.019 0.007 1571
0
# 10024
1 10024 0 batch0
task 1.0 3.299 0.683 961
0
# 10025
1 10025 0 batch0
task 1.0 3.599 0.745 2826
0
# 10026
1 10026 0 batch0
task 1.0 12.188 7.759 861
0
# 10027
1 10027 0 batch0
task 1.0 0.038 0.034 846
0
# 10028
1 10028 0 batch0
task 1.0 0.188 0.191 1496
0
# 10029
1 10029 0 batch0
task 1.0 0.188 0.191 691
0
# 10030
1 10030 0 batch0
task 1.0 0.094 0.047 667
0
# 10031
1 10031 0 batch0
task 1.0 0.038 0.086 822
0
# 10032
1 10032 0 batch0
task 1.0 0.188 0.028 1375
0
# 10033
1 10033 0 batch0
task 1.0 0.075 0.100 2117
0
# 10034
1 10034 0 batch0
task 1.0 0.075 0.100 2027
0
# 10035
1 10035 0 batch0
task 1.0 0.075 0.100 2684
0
# 10036
1 10036 0 batch0
task 1.0 0.075 0.100 5214
0
# 10037
1 10037 0 batch0
task 1.0 0.075 0.100 13566
0
# 10038
1 10038 0 batch0
task 1.0 0.075 0.100 13553
0
# 10039
1 10039 0 batch0
task 1.0 0.075 0.100 604
0
# 10040
1 10040 0 batch0
task 1.0 0.075 0.100 2168
0
# 10041
1 10041 0 batch0
task 1.0 0.075 0.100 2133
0
# 10042
1 10042 0 batch0
task 1.0 0.075 0.100 13941
0
# 10043
1 10043 0 batch0
task 1.0 0.075 0.100 677
0
# 10044
1 10044 0 batch0
task 1.0 0.075 0.239 13927
0
# 10045
1 10045 604 batch0
task 1.0 0.075 0.100 71
0
# 10046
1 10046 612 batch0
task 1.0 0.075 0.100 50
0
# 10047
1 10047 619 batch0
task 1.0 0.075 0.100 30
0
# 10048
1 10048 633 batch0
task 1.0 0.075 0.100 55
0
# 10049
1 10049 633 batch0
task 1.0 0.075 0.076 35
0
# 10050
1 10050 642 batch0
task 1.0 0.075 0.076 386
0
# 10051
1 10051 665 batch0
task 1.0 0.075 0.076 532
0
# 10052
1 10052 680 batch0
task 1.0 0.075 0.076 658
0
# 10053
1 10053 680 batch0
task 1.0 0.075 0.076 46
0
# 10054
1 10054 689 batch0
task 1.0 0.075 0.100 34
0
# 10055
1 10055 708 batch0
task 1.0 0.075 0.100 23
0
# 10056
1 10056 708 batch0
task 1.0 0.075 0.100 128
0
# 10057
1 10057 708 batch0
task 1.0 0.075 0.100 36
0
# 10058
1 10058 708 batch0
task 1.0 0.075 0.076 621
0
# 10059
1 10059 713 batch0
task 1.0 0.075 0.100 230
0
# 10060
1 10060 715 batch0
task 1.0 0.075 0.100 102
0
# 10061
1 10061 716 batch0
task 1.0 0.075 0.100 403
0
# 10062
1 10062 717 batch0
task 1.0 0.075 0.100 72
0
# 10063
1 10063 718 batch0
task 1.0 0.075 0.076 172
0
# 10064
1 10064 721 batch0
task 1.0 0.075 0.076 35
0
# 10065
1 10065 756 batch0
task 1.0 0.075 0.100 668
0
# 10066
1 10066 758 batch0
task 1.0 0.075 0.100 37
0
# 10067
1 10067 778 batch0
task 1.0 0.075 0.100 7709
0
# 10068
1 10068 781 batch0
task 1.0 0.075 0.100 7706
0
# 10069
1 10069 833 batch0
task 1.0 0.075 0.239 1268
0
# 10070
1 10070 845 batch0
task 1.0 0.075 0.100 276
0
# 10071
1 10071 852 batch0
task 1.0 0.075 0.100 83
0
# 10072
1 10072 853 batch0
task 1.0 0.075 0.100 98
0
# 10073
1 10073 853 batch0
task 1.0 0.075 0.100 88
0
# 10074
1 10074 854 batch0
task 1.0 0.075 0.076 109
0
# 10075
1 10075 870 batch0
task 1.0 0.075 0.076 33
0
# 10076
1 10076 870 batch0
task 1.0 0.075 0.076 645
0
# 10077
1 10077 870 batch0
task 1.0 0.075 0.076 471
0
# 10078
1 10078 870 batch0
task 1.0 0.075 0.076 205
0
# 10079
1 10079 896 batch0
task 1.0 0.075 0.076 37
0
# 10080
1 10080 959 batch0
task 1.0 0.075 0.076 23
0
# 10081
1 10081 959 batch0
task 1.0 0.019 0.005 133
0
# 10082
1 10082 971 batch0
task 1.0 0.038 0.014 34
0
# 10083
1 10083 1008 batch0
task 1.0 11.698 2.421 25
0
# 10084
1 10084 1071 batch0
task 1.0 9.898 2.048 2554
0
# 10085
1 10085 1071 batch0
task 1.0 0.002 0.014 2144
0
# 10086
1 10086 1071 batch0
task 1.0 0.002 0.014 364
0
# 10087
1 10087 1095 batch0
task 1.0 0.027 0.014 306
0
# 10088
1 10088 1095 batch0
task 1.0 0.141 0.191 313
0
# 10089
1 10089 1095 batch0
task 1.0 0.188 0.048 37
0
# 10090
1 10090 1095 batch0
task 1.0 0.038 0.086 52
0
# 10091
1 10091 1133 batch0
task 1.0 0.188 0.028 204
0
# 10092
1 10092 1141 batch0
task 1.0 0.038 0.023 470
0
# 10093
1 10093 1146 batch0
task 1.0 0.002 0.012 707
0
# 10094
1 10094 1158 batch0
task 1.0 0.094 0.023 229
0
# 10095
1 10095 1197 batch0
task 1.0 0.188 0.014 95
0
# 10096
1 10096 1213 batch0
task 1.0 0.019 0.005 49
0
# 10097
1 10097 1220 batch0
task 1.0 0.019 0.009 38
0
# 10098
1 10098 1226 batch0
task 1.0 0.094 0.034 219
0
# 10099
1 10099 1233 batch0
task 1.0 0.038 0.048 29
0
